{"nbformat":4,"nbformat_minor":0,"metadata":{"colab":{"name":"Copy of pr_cw1_q3.ipynb","provenance":[{"file_id":"1W-PV4jYWEc3J5hBugHHUaMxdYwyY5vx1","timestamp":1573504437507}],"collapsed_sections":[]},"kernelspec":{"name":"python3","display_name":"Python 3"}},"cells":[{"cell_type":"code","metadata":{"id":"9OFU8kWKiMam","colab_type":"code","outputId":"21352601-09a5-4b16-f313-6be4ce5449b6","executionInfo":{"status":"ok","timestamp":1573558165585,"user_tz":0,"elapsed":585,"user":{"displayName":"Hu Jinming","photoUrl":"","userId":"14263772884890199566"}},"colab":{"base_uri":"https://localhost:8080/","height":51}},"source":["#import libs\n","import scipy.io as sio\n","import numpy as np\n","import matplotlib.pyplot as plt\n","import time\n","import psutil\n","\n","\n","#loading face images\n","mat_content = sio.loadmat('face.mat')\n","face_data = mat_content['X']\n","face_labels = mat_content['l']\n","N = face_data.shape[1]\n","\n","print(face_data.shape)\n","print(face_labels.shape)\n"],"execution_count":63,"outputs":[{"output_type":"stream","text":["(2576, 520)\n","(1, 520)\n"],"name":"stdout"}]},{"cell_type":"code","metadata":{"id":"HavGY3qKiTXF","colab_type":"code","outputId":"7b3f2a74-e7e4-4e2e-faaf-b8fde9ce277e","executionInfo":{"status":"ok","timestamp":1573558165800,"user_tz":0,"elapsed":789,"user":{"displayName":"Hu Jinming","photoUrl":"","userId":"14263772884890199566"}},"colab":{"base_uri":"https://localhost:8080/","height":88}},"source":["#partition training data\n","N_train = 8 #choose from 1 to 10\n","index = np.arange(520)\n","for x in range (N_train,10):\n","  index = index[(index-x) % 10 != 0] #removing 10-N_train images for each face\n","face_data_train = face_data[:,index]\n","print('training data dimension: ', face_data_train.shape)\n","\n","#partition testing data\n","index = np.arange(520)\n","for x in range (N_train):\n","  index = index[(index-x) % 10 != 0] #removing N_train images for each face\n","face_data_test = face_data[:,index]\n","index = np.arange(520)\n","for x in range (N_train):\n","  index = index[(index-x) % 10 != 0] #removing N_train images for each face\n","face_labels_test = face_labels[:,index]\n","print('test data dimension: ', face_data_test.shape)\n","psutil.virtual_memory()\n"],"execution_count":64,"outputs":[{"output_type":"stream","text":["training data dimension:  (2576, 416)\n","test data dimension:  (2576, 104)\n"],"name":"stdout"},{"output_type":"execute_result","data":{"text/plain":["svmem(total=13655236608, available=12719828992, percent=6.9, used=1084141568, free=10706894848, active=814686208, inactive=1889181696, buffers=77463552, cached=1786736640, shared=864256, slab=156168192)"]},"metadata":{"tags":[]},"execution_count":64}]},{"cell_type":"code","metadata":{"id":"IjCECGL1jgpL","colab_type":"code","outputId":"ea900100-512e-4283-b054-f0f6d98e96bc","executionInfo":{"status":"ok","timestamp":1573558165802,"user_tz":0,"elapsed":782,"user":{"displayName":"Hu Jinming","photoUrl":"","userId":"14263772884890199566"}},"colab":{"base_uri":"https://localhost:8080/","height":340}},"source":["#PCA Mean \n","N = face_data_train.shape[1]\n","print(N)\n","pca_mean = np.sum(face_data_train, axis=1)/N\n","pca_mean = np.reshape(pca_mean,(2576,1))\n","print(pca_mean.shape)\n","\n","#LDA Mean\n","temp_list = np.zeros((2576,8))\n","lda_mean = np.zeros((2576,52))\n","for x in range (52):\n","  for y in range (8):\n","    temp_list[:,y] = face_data_train[:,x*8+y]\n","  lda_mean[:,x] = np.mean(temp_list, axis = 1)\n","print(lda_mean.shape)\n","print(np.mean(lda_mean, axis = 1))\n","print(lda_mean)\n","print(pca_mean)\n"],"execution_count":65,"outputs":[{"output_type":"stream","text":["416\n","(2576, 1)\n","(2576, 52)\n","[122.72355769 122.24278846 120.34134615 ...  84.81490385  82.81009615\n","  81.23798077]\n","[[119.125 134.25   93.625 ... 117.25  136.875 125.375]\n"," [119.5   140.125  98.75  ... 115.5   138.75  122.75 ]\n"," [120.5   136.5   101.375 ... 111.25  137.875 124.25 ]\n"," ...\n"," [ 58.625  59.875  93.375 ...  97.875  62.625  80.625]\n"," [ 58.5    61.     90.5   ...  95.     58.     84.625]\n"," [ 59.     57.375  71.    ...  92.375  58.875  93.   ]]\n","[[122.72355769]\n"," [122.24278846]\n"," [120.34134615]\n"," ...\n"," [ 84.81490385]\n"," [ 82.81009615]\n"," [ 81.23798077]]\n"],"name":"stdout"}]},{"cell_type":"code","metadata":{"id":"n_Zjii21mLTd","colab_type":"code","outputId":"ce8a56e8-340d-47fe-e093-6998b16928d1","executionInfo":{"status":"ok","timestamp":1573558174053,"user_tz":0,"elapsed":9022,"user":{"displayName":"Hu Jinming","photoUrl":"","userId":"14263772884890199566"}},"colab":{"base_uri":"https://localhost:8080/","height":391}},"source":["#Compute S_i\n","S_w = np.zeros((2576,2576))\n","S_b = np.zeros((2576,2576))\n","\n","for x in range (52):\n","  S_w_element = np.dot(8,np.dot((face_data_train[:,x*8:(x+1)*8] -np.reshape(lda_mean[:,x], (2576,1))),(face_data_train[:,x*8:(x+1)*8] -np.reshape(lda_mean[:,x], (2576,1))).T))\n","  S_w = S_w + S_w_element\n","print(S_w.shape)\n","print(S_w)\n","\n","#Compute S_b\n","for x in range (52):\n","  S_b_element = np.dot((np.reshape(lda_mean[:,x], (2576,1))-pca_mean),(np.reshape(lda_mean[:,x], (2576,1))-pca_mean).T)\n","  S_b = S_b + S_b_element\n","print(S_b.shape)\n","print(S_b)\n","\n"],"execution_count":66,"outputs":[{"output_type":"stream","text":["(2576, 2576)\n","[[ 6864091.  6476473.  5855970. ... -1544299. -1751929. -1729794.]\n"," [ 6476473.  6840419.  6415993. ... -1374999. -1581161. -1545714.]\n"," [ 5855970.  6415993.  6820030. ... -1358002. -1524741. -1450108.]\n"," ...\n"," [-1544299. -1374999. -1358002. ...  7424775.  7125520.  6737711.]\n"," [-1751929. -1581161. -1524741. ...  7125520.  7463611.  7139020.]\n"," [-1729794. -1545714. -1450108. ...  6737711.  7139020.  7509323.]]\n","(2576, 2576)\n","[[12217.97926683 11150.22445913 10302.00060096 ... -1509.23888221\n","  -1646.21424279 -1307.17277644]\n"," [11150.22445913 12143.01292067 12078.79987981 ... -2907.42878606\n","  -3155.33683894 -3096.47325721]\n"," [10302.00060096 12078.79987981 13810.22235577 ... -3539.93329327\n","  -3828.92608173 -4015.78665865]\n"," ...\n"," [-1509.23888221 -2907.42878606 -3539.93329327 ... 28148.98407452\n","  27067.04717548 25738.6811899 ]\n"," [-1646.21424279 -3155.33683894 -3828.92608173 ... 27067.04717548\n","  27864.32782452 27403.5375601 ]\n"," [-1307.17277644 -3096.47325721 -4015.78665865 ... 25738.6811899\n","  27403.5375601  29614.00811298]]\n"],"name":"stdout"}]},{"cell_type":"code","metadata":{"id":"zlg6mlOezCMO","colab_type":"code","outputId":"e40020f1-93d7-41d0-ee88-11477c7866c8","executionInfo":{"status":"ok","timestamp":1573558174542,"user_tz":0,"elapsed":9502,"user":{"displayName":"Hu Jinming","photoUrl":"","userId":"14263772884890199566"}},"colab":{"base_uri":"https://localhost:8080/","height":969}},"source":["#compute covariance matrix S = (1/N)A^T*A (w_PCA)\n","S_ld = np.dot((face_data_train - pca_mean).T, (face_data_train - pca_mean))/N\n","eigvals_S_ld, eigvecs_S_ld = np.linalg.eig(S_ld)\n","\n","eigvecs_S_ld = np.dot(face_data_train - pca_mean ,eigvecs_S_ld)\n","eigvecs_S_ld = eigvecs_S_ld/np.linalg.norm(eigvecs_S_ld,axis=0, ord=2)\n","\n","M_pca = 300;\n","W_pca = eigvecs_S_ld [:,:M_pca]\n","\n","#W_pca = np.dot(face_data_train - pca_mean ,W_pca)\n","#W_pca = W_pca/np.linalg.norm(W_pca,axis=0, ord=2)\n","\n","print(W_pca.shape)\n","print(W_pca)\n","\n","#Compute w_LDA\n","S_b_modified = np.dot(np.dot(W_pca.T,S_b),W_pca)\n","S_w_modified = np.dot(np.dot(W_pca.T,S_w),W_pca)\n","\n","print(S_b_modified.shape)\n","print(S_b_modified)\n","print(S_w_modified.shape)\n","print(S_w_modified)\n","print(np.linalg.inv(S_w_modified).shape)\n","print(np.linalg.inv(S_w_modified))"],"execution_count":67,"outputs":[{"output_type":"stream","text":["(2576, 300)\n","[[-0.01228713 -0.0192394   0.01088869 ...  0.00960605  0.03861788\n","  -0.02208343]\n"," [-0.01349973 -0.01952942  0.01215637 ... -0.00885586  0.03148095\n","   0.00384172]\n"," [-0.01402377 -0.02006991  0.01382132 ...  0.00495742 -0.01858449\n","   0.03757697]\n"," ...\n"," [ 0.0029651   0.04474409  0.02270606 ...  0.03669198 -0.0079936\n","   0.01646657]\n"," [ 0.00260247  0.04445823  0.02206885 ... -0.00719258 -0.0199451\n","   0.03740473]\n"," [ 0.00274912  0.04521234  0.02091973 ... -0.0299179  -0.02852776\n","  -0.00711917]]\n","(300, 300)\n","[[ 2.65933030e+07 -1.08591220e+06  6.63197138e+05 ... -1.90833505e+03\n","  -2.89234936e+04 -1.15067626e+04]\n"," [-1.08591220e+06  7.21224222e+06  2.49886774e+06 ... -2.61674828e+04\n","   8.25624317e+03  1.84345512e+04]\n"," [ 6.63197138e+05  2.49886774e+06  1.10186051e+07 ...  3.04892635e+03\n","   1.68038583e+04  1.66387389e+04]\n"," ...\n"," [-1.90833505e+03 -2.61674828e+04  3.04892635e+03 ...  2.82435143e+03\n","  -1.12010115e+02 -4.62935173e+02]\n"," [-2.89234936e+04  8.25624317e+03  1.68038583e+04 ... -1.12010115e+02\n","   1.85763385e+03  1.08146681e+01]\n"," [-1.15067626e+04  1.84345512e+04  1.66387389e+04 ... -4.62935173e+02\n","   1.08146681e+01  1.85755974e+03]]\n","(300, 300)\n","[[ 1.41432995e+09  6.94983805e+07 -4.24446168e+07 ...  1.22133443e+05\n","   1.85110359e+06  7.36432806e+05]\n"," [ 6.94983805e+07  1.22643887e+09 -1.59927536e+08 ...  1.67471890e+06\n","  -5.28399563e+05 -1.17981128e+06]\n"," [-4.24446168e+07 -1.59927536e+08  8.86809322e+08 ... -1.95131287e+05\n","  -1.07544693e+06 -1.06487929e+06]\n"," ...\n"," [ 1.22133443e+05  1.67471890e+06 -1.95131287e+05 ...  1.75661142e+06\n","   7.16864734e+03  2.96278511e+04]\n"," [ 1.85110359e+06 -5.28399563e+05 -1.07544693e+06 ...  7.16864734e+03\n","   1.80861352e+06 -6.92138761e+02]\n"," [ 7.36432806e+05 -1.17981128e+06 -1.06487929e+06 ...  2.96278511e+04\n","  -6.92138761e+02  1.57826437e+06]]\n","(300, 300)\n","[[ 8.77734196e-09 -8.92122516e-10  4.49790433e-10 ...  1.15074530e-08\n","  -9.99906860e-09 -2.25582441e-08]\n"," [-8.92122516e-10  7.39180064e-09  2.19896213e-10 ... -7.52366004e-09\n","   1.64626705e-08  2.02754336e-08]\n"," [ 4.49790433e-10  2.19896213e-10  1.03111014e-08 ... -6.82604317e-09\n","   5.54984000e-09  1.65920633e-08]\n"," ...\n"," [ 1.15074530e-08 -7.52366004e-09 -6.82604317e-09 ...  1.32356413e-06\n","   9.91216403e-08 -2.83700085e-07]\n"," [-9.99906860e-09  1.64626705e-08  5.54984000e-09 ...  9.91216403e-08\n","   9.61749454e-07  5.38933424e-08]\n"," [-2.25582441e-08  2.02754336e-08  1.65920633e-08 ... -2.83700085e-07\n","   5.38933424e-08  1.34624795e-06]]\n"],"name":"stdout"}]},{"cell_type":"code","metadata":{"id":"oWKW2cndXx7P","colab_type":"code","outputId":"82eac550-3122-4520-e0a5-b94bbc347094","executionInfo":{"status":"ok","timestamp":1573558174731,"user_tz":0,"elapsed":9681,"user":{"displayName":"Hu Jinming","photoUrl":"","userId":"14263772884890199566"}},"colab":{"base_uri":"https://localhost:8080/","height":391}},"source":["matrix = np.dot(np.linalg.inv(S_w_modified),S_b_modified)\n","eigvals_matrix, W_lda_full = np.linalg.eig(matrix)\n","\n","M_lda = 50\n","W_lda = W_lda_full[:,:M_lda]\n","\n","W_opt = (np.dot(W_lda.T, W_pca.T)).T\n","print(W_opt.shape)\n","print(W_opt.imag)\n","print(W_lda.shape)\n","print(W_lda)\n","#W_opt = W_opt/np.linalg.norm(W_opt,axis=0, ord=2)"],"execution_count":68,"outputs":[{"output_type":"stream","text":["(2576, 50)\n","[[0. 0. 0. ... 0. 0. 0.]\n"," [0. 0. 0. ... 0. 0. 0.]\n"," [0. 0. 0. ... 0. 0. 0.]\n"," ...\n"," [0. 0. 0. ... 0. 0. 0.]\n"," [0. 0. 0. ... 0. 0. 0.]\n"," [0. 0. 0. ... 0. 0. 0.]]\n","(300, 50)\n","[[-0.02175485+0.j -0.00754926+0.j -0.00567115+0.j ...  0.00087703+0.j\n","  -0.00332575+0.j  0.00433014+0.j]\n"," [-0.00083728+0.j -0.01443246+0.j -0.0009017 +0.j ... -0.0004926 +0.j\n","   0.00743321+0.j -0.00454099+0.j]\n"," [ 0.01017269+0.j -0.00246084+0.j  0.02108573+0.j ...  0.00223928+0.j\n","  -0.00382641+0.j  0.00300589+0.j]\n"," ...\n"," [-0.15315885+0.j -0.00548216+0.j  0.06719492+0.j ... -0.01987035+0.j\n","   0.01009985+0.j  0.06045884+0.j]\n"," [-0.03560139+0.j -0.05012465+0.j  0.08806312+0.j ...  0.0371869 +0.j\n","   0.01663908+0.j -0.06013354+0.j]\n"," [ 0.08546921+0.j  0.04411019+0.j  0.06528773+0.j ... -0.06538804+0.j\n","   0.03560958+0.j -0.05460303+0.j]]\n"],"name":"stdout"}]},{"cell_type":"code","metadata":{"id":"FarqvcEGENDj","colab_type":"code","outputId":"9e5723c2-b0a3-42e6-a701-be8e8b93237e","executionInfo":{"status":"ok","timestamp":1573558174732,"user_tz":0,"elapsed":9674,"user":{"displayName":"Hu Jinming","photoUrl":"","userId":"14263772884890199566"}},"colab":{"base_uri":"https://localhost:8080/","height":119}},"source":["print(matrix[:6,:6])"],"execution_count":69,"outputs":[{"output_type":"stream","text":["[[ 0.36411826  0.00799131 -0.01443077  0.12047595 -0.06782977  0.01442982]\n"," [ 0.0315704   0.12971064  0.04580371  0.0941214  -0.02748242 -0.0286273 ]\n"," [-0.02541343  0.03710275  0.21542189  0.05712206  0.0774924   0.01684631]\n"," [ 0.45412231  0.154521    0.11896397  0.49600724 -0.02701682  0.00443416]\n"," [-0.33331699 -0.04207525  0.15082407 -0.04002443  0.3533894  -0.07799226]\n"," [ 0.11068074 -0.11360268  0.0643763   0.00691132 -0.1085231   0.17691462]]\n"],"name":"stdout"}]},{"cell_type":"code","metadata":{"id":"BUPqqQp40H6w","colab_type":"code","outputId":"038d3459-b1b9-4ff6-ceb6-2eed14b24aaa","executionInfo":{"status":"ok","timestamp":1573558175029,"user_tz":0,"elapsed":9963,"user":{"displayName":"Hu Jinming","photoUrl":"","userId":"14263772884890199566"}},"colab":{"base_uri":"https://localhost:8080/","height":408}},"source":["#Nearest Neighbour for S=(1/N)AA^T\n","eigvecs = W_opt\n","print(eigvecs.shape)\n","face_coes_train = np.dot((face_data_train - pca_mean).T,eigvecs)\n","#face_coes_train = face_coes_train/np.linalg.norm(face_coes_train,axis=0, ord=2)\n","\n","face_coes_test = np.dot((face_data_test - pca_mean).T,eigvecs) \n","#face_coes_test = face_coes_test/np.linalg.norm(face_coes_test,axis=0, ord=2)\n","\n","print(face_data_train - pca_mean)\n","print(face_coes_test.shape)\n","print(face_coes_train.shape)\n","\n","classified_label = []\n","for n in range (face_coes_test.shape[0]):\n","  #difference = face_coes_train - face_coes_test[n,:]\n","  #neighbours_distance_squared = np.multiply(difference, difference)\n","  neighbours_distance_squared = np.multiply(face_coes_train - face_coes_test[n,:], face_coes_train - face_coes_test[n,:])\n","  neighbours_distance = np.sum(neighbours_distance_squared, axis = 1) #sum along rows\n","  nearest_index = np.argmin(neighbours_distance)\n","  nearest_index = 1+int(nearest_index/8)\n","  classified_label.append(nearest_index)\n","#print('classified label',classified_label)\n","\n","face_labels_test = np.array(face_labels_test, dtype= np.int)\n","face_labels_test = np.reshape(face_labels_test, ((10-N_train)*52,))\n","#print(face_labels_test)\n","accuracy = face_labels_test - classified_label\n","print(accuracy)\n","non_zero_count = np.count_nonzero(accuracy)\n","accuracy = 100*(face_coes_test.shape[0] - non_zero_count)/face_coes_test.shape[0]\n","print('lda accuracy:',accuracy,'%')\n"],"execution_count":70,"outputs":[{"output_type":"stream","text":["(2576, 50)\n","[[-16.72355769   7.27644231  68.27644231 ...  58.27644231 -62.72355769\n","  -52.72355769]\n"," [-19.24278846   6.75721154  62.75721154 ...  47.75721154 -54.24278846\n","  -60.24278846]\n"," [-17.34134615   9.65865385  53.65865385 ...  42.65865385 -49.34134615\n","  -37.34134615]\n"," ...\n"," [-47.81490385 -44.81490385 -62.81490385 ... -23.81490385 -43.81490385\n","    2.18509615]\n"," [-46.81009615 -46.81009615 -63.81009615 ... -32.81009615 -34.81009615\n","    6.18990385]\n"," [-40.23798077 -46.23798077 -64.23798077 ... -36.23798077 -16.23798077\n","   12.76201923]]\n","(104, 50)\n","(416, 50)\n","[-37 -37   0   0   0   0   0   0   0   0   0   0   0   0   0   0   0   0\n","   0 -29   0   0  -4  -4   1   0   0   0   0   0   0   0  13  13   0 -20\n","  15   0   0   0   0   0   0 -16   0   0   0   0   0   0   0   0   0   0\n","   0   0   0  -2  -8   0   0   0   0   0   0  -5   0   0   0  15   0   0\n","   0   0   0   0   0   0   0   0   0   0   0   0   1   0  28   0   0   0\n","   0   0   0   0   0   0   0   0   0  12   0   0  33  14]\n","lda accuracy: 80.76923076923077 %\n"],"name":"stdout"}]},{"cell_type":"markdown","metadata":{"id":"oC4AedauyTN1","colab_type":"text"},"source":["**Q3 part2**"]},{"cell_type":"code","metadata":{"id":"mwRwZ2F74gCp","colab_type":"code","outputId":"948ade25-9bcb-4157-e0ef-79e44e861619","executionInfo":{"status":"ok","timestamp":1573558175030,"user_tz":0,"elapsed":9957,"user":{"displayName":"Hu Jinming","photoUrl":"","userId":"14263772884890199566"}},"colab":{"base_uri":"https://localhost:8080/","height":34}},"source":["eigvecs_S_ld.shape"],"execution_count":71,"outputs":[{"output_type":"execute_result","data":{"text/plain":["(2576, 416)"]},"metadata":{"tags":[]},"execution_count":71}]},{"cell_type":"code","metadata":{"id":"iOKj_KClrVJt","colab_type":"code","outputId":"878b36cd-87d6-4581-e07a-2d55cc933f06","executionInfo":{"status":"ok","timestamp":1573558175031,"user_tz":0,"elapsed":9949,"user":{"displayName":"Hu Jinming","photoUrl":"","userId":"14263772884890199566"}},"colab":{"base_uri":"https://localhost:8080/","height":34}},"source":["M0 = 150\n","ro = 0.5\n","M1 = int((416 - 100)*ro)\n","T = 10\n","W_pca_rand_list = np.zeros((T,eigvecs_S_ld.shape[0],M1+M0))\n","np.random.seed(123) #fix seed\n","\n","\n","for t in range (T):\n","  rand_index = np.arange(416)[M0:]\n","  np.random.shuffle(rand_index)\n","  rand_index = rand_index[:M1]\n","  #generate W[M1:]\n","  W_rand = eigvecs_S_ld[:,rand_index]\n","  #combine M0 and M1\n","  W_pca_rand = np.concatenate((eigvecs_S_ld[:,:M0], W_rand), axis = 1)\n","  W_pca_rand_list[t,:,:] = W_pca_rand\n","\n","print(W_pca_rand_list.shape)\n"],"execution_count":72,"outputs":[{"output_type":"stream","text":["(10, 2576, 308)\n"],"name":"stdout"}]},{"cell_type":"code","metadata":{"id":"QXgqHL20q_eb","colab_type":"code","outputId":"2d8d0f0b-ae65-437d-a200-421419db00c9","executionInfo":{"status":"ok","timestamp":1573558179697,"user_tz":0,"elapsed":14609,"user":{"displayName":"Hu Jinming","photoUrl":"","userId":"14263772884890199566"}},"colab":{"base_uri":"https://localhost:8080/","height":68}},"source":["M_lda = 52\n","W_lda = W_lda_full[:,:M_lda]\n","W_opt_list = np.zeros((T,eigvecs_S_ld.shape[0],M_lda))\n","\n","for t in range (T):\n","  S_b_modified = np.dot(np.dot(W_pca_rand_list[t,:,:].T,S_b),W_pca_rand_list[t,:,:])\n","  S_w_modified = np.dot(np.dot(W_pca_rand_list[t,:,:].T,S_w),W_pca_rand_list[t,:,:])\n","\n","  matrix = np.dot(np.linalg.inv(S_w_modified),S_b_modified)\n","  eigvals_matrix, W_lda_full = np.linalg.eig(matrix)\n","\n","  W_lda = W_lda_full[:,:M_lda]\n","  W_opt = (np.dot(W_lda.T, W_pca_rand_list[t,:,:].T)).T\n","  W_opt_list[t,:,:] = W_opt\n","\n","W_opt_list.shape"],"execution_count":73,"outputs":[{"output_type":"stream","text":["/usr/local/lib/python3.6/dist-packages/ipykernel_launcher.py:14: ComplexWarning: Casting complex values to real discards the imaginary part\n","  \n"],"name":"stderr"},{"output_type":"execute_result","data":{"text/plain":["(10, 2576, 52)"]},"metadata":{"tags":[]},"execution_count":73}]},{"cell_type":"code","metadata":{"id":"iVm6xDvE5hjF","colab_type":"code","outputId":"bf604859-0652-47c1-c250-e57b25cc3406","executionInfo":{"status":"ok","timestamp":1573558179896,"user_tz":0,"elapsed":14801,"user":{"displayName":"Hu Jinming","photoUrl":"","userId":"14263772884890199566"}},"colab":{"base_uri":"https://localhost:8080/","height":68}},"source":["#average accuracy\n","ave_accuracy_list = np.zeros((T))\n","for t in range (T):\n","#Nearest Neighbour for S=(1/N)AA^T\n","  eigvecs = W_opt_list[t,:,:]\n","  face_coes_train = np.dot((face_data_train - pca_mean).T,eigvecs)\n","  face_coes_test = np.dot((face_data_test - pca_mean).T,eigvecs) \n","  classified_label = []\n","  for n in range (face_coes_test.shape[0]):\n","    neighbours_distance_squared = np.multiply(face_coes_train - face_coes_test[n,:], face_coes_train - face_coes_test[n,:])\n","    neighbours_distance = np.sum(neighbours_distance_squared, axis = 1) #sum along rows\n","    nearest_index = np.argmin(neighbours_distance)\n","    nearest_index = 1+int(nearest_index/8)\n","    classified_label.append(nearest_index)\n","\n","  face_labels_test = np.array(face_labels_test, dtype= np.int)\n","  face_labels_test = np.reshape(face_labels_test, ((10-N_train)*52,))\n","  accuracy = face_labels_test - classified_label\n","  non_zero_count = np.count_nonzero(accuracy)\n","  accuracy = 100*(face_coes_test.shape[0] - non_zero_count)/face_coes_test.shape[0]\n","  ave_accuracy_list[t] = accuracy\n","print(ave_accuracy_list)\n","ave_accuracy = np.mean(ave_accuracy_list)\n","print('average accuracy: ', ave_accuracy, '%')\n"],"execution_count":74,"outputs":[{"output_type":"stream","text":["[81.73076923 85.57692308 81.73076923 85.57692308 84.61538462 86.53846154\n"," 81.73076923 86.53846154 80.76923077 84.61538462]\n","average accuracy:  83.94230769230771 %\n"],"name":"stdout"}]},{"cell_type":"code","metadata":{"id":"odqZkfKN8Wtq","colab_type":"code","outputId":"a9624d46-3e49-48a1-e5bf-226400912b41","executionInfo":{"status":"ok","timestamp":1573558180394,"user_tz":0,"elapsed":15292,"user":{"displayName":"Hu Jinming","photoUrl":"","userId":"14263772884890199566"}},"colab":{"base_uri":"https://localhost:8080/","height":51}},"source":["from scipy import stats\n","\n","#majority vote\n","classified_label_list = np.zeros((T,104))\n","for t in range (T):\n","#Nearest Neighbour for S=(1/N)AA^T\n","  eigvecs = W_opt_list[t,:,:]\n","  face_coes_train = np.dot((face_data_train - pca_mean).T,eigvecs)\n","  face_coes_test = np.dot((face_data_test - pca_mean).T,eigvecs) \n","  classified_label = []\n","  for n in range (face_coes_test.shape[0]):\n","    neighbours_distance_squared = np.multiply(face_coes_train - face_coes_test[n,:], face_coes_train - face_coes_test[n,:])\n","    neighbours_distance = np.sum(neighbours_distance_squared, axis = 1) #sum along rows\n","    nearest_index = np.argmin(neighbours_distance)\n","    nearest_index = 1+int(nearest_index/8)\n","    classified_label.append(nearest_index)\n","  classified_label_list[t,:] = classified_label\n","\n","classified_label_list.shape\n","#print(classified_label_list[:,0])\n","classified_label = stats.mode(classified_label_list)[0]\n","classified_label = np.reshape(classified_label, (104))\n","print(classified_label.shape)\n","face_labels_test = np.array(face_labels_test, dtype= np.int)\n","face_labels_test = np.reshape(face_labels_test, ((10-N_train)*52,))\n","accuracy = face_labels_test - classified_label\n","non_zero_count = np.count_nonzero(accuracy)\n","accuracy = 100*(face_coes_test.shape[0] - non_zero_count)/face_coes_test.shape[0]\n","print('majority vote accuracy: ',accuracy)"],"execution_count":75,"outputs":[{"output_type":"stream","text":["(104,)\n","majority vote accuracy:  87.5\n"],"name":"stdout"}]},{"cell_type":"code","metadata":{"id":"_USgxlQ89Xkt","colab_type":"code","outputId":"14139eb6-70f2-45e3-b875-5b36fcd6b18f","executionInfo":{"status":"ok","timestamp":1573558180395,"user_tz":0,"elapsed":15287,"user":{"displayName":"Hu Jinming","photoUrl":"","userId":"14263772884890199566"}},"colab":{"base_uri":"https://localhost:8080/","height":136}},"source":["#sum\n","face_coes_train_list = np.zeros((T,416,M_lda))\n","face_coes_test_list = np.zeros((T,104,M_lda))\n","\n","for t in range (T):\n","#Nearest Neighbour for S=(1/N)AA^T\n","  eigvecs = W_opt_list[t,:,:]\n","  face_coes_train = np.dot((face_data_train - pca_mean).T,eigvecs)\n","  face_coes_test = np.dot((face_data_test - pca_mean).T,eigvecs) \n","  face_coes_train_list[t,:,:] = face_coes_train\n","  face_coes_test_list[t,:,:] = face_coes_test\n","\n","face_coes_train = np.mean(face_coes_train_list,axis = 0)\n","face_coes_test = np.mean(face_coes_test_list,axis = 0)\n","\n","#print(np.mean(face_coes_train_list[:,0,0]))\n","#print(face_coes_train[0,0])\n","\n","classified_label = []\n","for n in range (face_coes_test.shape[0]):\n","  #difference = face_coes_train - face_coes_test[n,:]\n","  #neighbours_distance_squared = np.multiply(difference, difference)\n","  neighbours_distance_squared = np.multiply(face_coes_train - face_coes_test[n,:], face_coes_train - face_coes_test[n,:])\n","  neighbours_distance = np.sum(neighbours_distance_squared, axis = 1) #sum along rows\n","  nearest_index = np.argmin(neighbours_distance)\n","  nearest_index = 1+int(nearest_index/8)\n","  classified_label.append(nearest_index)\n","#print('classified label',classified_label)\n","\n","face_labels_test = np.array(face_labels_test, dtype= np.int)\n","face_labels_test = np.reshape(face_labels_test, ((10-N_train)*52,))\n","#print(face_labels_test)\n","accuracy = face_labels_test - classified_label\n","print(accuracy)\n","non_zero_count = np.count_nonzero(accuracy)\n","accuracy = 100*(face_coes_test.shape[0] - non_zero_count)/face_coes_test.shape[0]\n","print('sum accuracy: ',accuracy,'%')"],"execution_count":76,"outputs":[{"output_type":"stream","text":["[  0 -37   0   0   0   0   0   0   0   0   0   0   0   0  -6   0   0   0\n","   0 -12   0   6  -4 -18  -3   0   0   0 -30   0   0   0   1  -7   0   0\n","  -1   0   0   0   0   0   3   2   0   0   0   0   0   0 -20  24   0   0\n","   0   0   0   0  25   1   0   0   0   0   0   4   5   5   0  -6   0   0\n","   0   0   0   0   0   0   0   0   0   0   0   0   1   0  28   0   0  37\n","   0   0   0  18   0   0   0   0   0  12   0   0   0   9]\n","sum accuracy:  74.03846153846153 %\n"],"name":"stdout"}]},{"cell_type":"code","metadata":{"id":"9kqT0GJmETdi","colab_type":"code","colab":{}},"source":[""],"execution_count":0,"outputs":[]}]}